  77.46948  -0.48348
  84.98883  -1.43083
  92.50817  -2.14289
 100.02751  -2.69072
 107.54685  -3.12060
 115.06620  -3.46370
 122.58554  -3.74160
 130.10488  -3.96960
 137.62422  -4.15882
 145.14357  -4.31744
 152.66291  -4.45163
 160.18225  -4.56607
 167.70159  -4.66440
 175.22094  -4.74945
 182.74028  -4.82346
 190.25962  -4.88824
 197.77896  -4.94522
 205.29831  -4.99558
 212.81765  -5.04029
 220.33699  -5.08014
 227.85633  -5.11579
 235.37568  -5.14780
 242.89502  -5.17663
 250.41436  -5.20268
 257.93371  -5.22628
 265.45305  -5.24772
 272.97239  -5.26725
 280.49173  -5.28508
 288.01108  -5.30140
 295.53042  -5.31636
 303.04976  -5.33010
 310.56910  -5.34274
 318.08845  -5.35440
 325.60779  -5.36517
 333.12713  -5.37513
 340.64647  -5.38435
 348.16582  -5.39291
 355.68516  -5.40085
 363.20450  -5.40824
 370.72384  -5.41512
 378.24319  -5.42153
 385.76253  -5.42751
 393.28187  -5.43310
 400.80121  -5.43832
 408.32056  -5.44320
 415.83990  -5.44778
 423.35924  -5.45206
 430.87858  -5.45608
 438.39793  -5.45985
 445.91727  -5.46338
 453.43661  -5.46671
 460.95595  -5.46983
 468.47530  -5.47277
 475.99464  -5.47553
 483.51398  -5.47813
 491.03332  -5.48057
 498.55267  -5.48287
 506.07201  -5.48504
 513.59135  -5.48708
 521.11069  -5.48901
 528.63004  -5.49082
 536.14938  -5.49253
 543.66872  -5.49414
 551.18806  -5.49565
 558.70741  -5.49708
 566.22675  -5.49842
 573.74609  -5.49969
 581.26543  -5.50088
 588.78478  -5.50200
 596.30412  -5.50306
 603.82346  -5.50405
 611.34280  -5.50498
 618.86215  -5.50586
 626.38149  -5.50668
 633.90083  -5.50745
 641.42017  -5.50817
 648.93952  -5.50884
 656.45886  -5.50947
 663.97820  -5.51006
 671.49754  -5.51061
 679.01689  -5.51112
 686.53623  -5.51159
 694.05557  -5.51203
 701.57491  -5.51244
 709.09426  -5.51281
 716.61360  -5.51315
 724.13294  -5.51347
 731.65228  -5.51375
 739.17163  -5.51401
 746.69097  -5.51425
 754.21031  -5.51446
 761.72965  -5.51464
 769.24900  -5.51481
 776.76834  -5.51495
 784.28768  -5.51507
 791.80702  -5.51517
 799.32637  -5.51525
 806.84571  -5.51532
 814.36505  -5.51536
 821.88439  -5.51539
 829.40374  -5.51541
 836.92308  -5.51540
 844.44242  -5.51538
 851.96177  -5.51535
 859.48111  -5.51531
 867.00045  -5.51525
 874.51979  -5.51517
 882.03914  -5.51509
 889.55848  -5.51499
 897.07782  -5.51488
 904.59716  -5.51476
 912.11651  -5.51463
 919.63585  -5.51449
 927.15519  -5.51433
 934.67453  -5.51417
 942.19388  -5.51400
 949.71322  -5.51382
 957.23256  -5.51363
 964.75190  -5.51343
 972.27125  -5.51322
 979.79059  -5.51301 
