2048 -47.2477841
4096 -47.2935613
8192 -47.3103495
16384 -47.3064855
32768 -47.3084521
65536 -47.3075308
131072 -47.3051037
262144 -47.3001756
524288 -47.3095921
1048576 -47.3010469
2097152 -47.3098770
4194304 -47.2973104
8388608 -47.3070612
16777216 -47.3143033
33554432 -47.3160616
67108864 -47.3155102
134217728 -47.3163927
268435456 -47.3141137
536870912 -47.3159128
1073741824 -47.3158565
2147483648 -47.3136370
4294967296 -47.3150942
8589934592 -47.3166757
17179869184 -47.3167615
34359738368 -47.3169853
68719476736 -47.3165035
137438953472 -47.3165978
274877906944 -47.3160516
549755813888 -47.3164415
1099511627776 -47.3163894
