2048 1.86685
4096 0.621185
8192 0.164354
16384 0.269499
32768 0.215985
65536 0.241055
131072 0.307100
262144 0.441200
524288 0.184964
1048576 0.417491
2097152 0.177212
4194304 0.519166
8388608 0.253833
16777216 0.0567657
33554432 0.00891990
67108864 0.0239243
134217728 -0.0000897976
268435456 0.0619250
536870912 0.0129690
1073741824 0.0145010
2147483648 0.0748967
4294967296 0.0352442
8589934592 -0.00779062
17179869184 -0.0101254
34359738368 -0.0162153
68719476736 -0.00310482
137438953472 -0.00567086
274877906944 0.00919201
549755813888 -0.00141771
1099511627776 0E-55
