2048 -47.2477841
4096 -47.2642379
8192 -47.2764386
16384 -47.2872285
32768 -47.2992105
65536 -47.2992888
131072 -47.3005601
262144 -47.3105824
524288 -47.3055386
1048576 -47.3008934
2097152 -47.3111506
4194304 -47.2983896
8388608 -47.3070612
16777216 -47.3018081
33554432 -47.3056047
67108864 -47.3025124
134217728 -47.3071072
268435456 -47.3060716
536870912 -47.3009263
1073741824 -47.3000848
2147483648 -47.3041423
4294967296 -47.3024442
8589934592 -47.3175030
17179869184 -47.3180726
34359738368 -47.3165724
68719476736 -47.3175321
137438953472 -47.3180920
274877906944 -47.3160516
549755813888 -47.3162492
1099511627776 -47.3161938
