2048 0.0684097
4096 0.0519559
8192 0.0397552
16384 0.0289653
32768 0.0169833
65536 0.0169050
131072 0.0156337
262144 0.0056114
524288 0.0106552
1048576 0.0153004
2097152 0.0050432
4194304 0.0178042
8388608 0.0091326
16777216 0.0143857
33554432 0.0105891
67108864 0.0136814
134217728 0.0090866
268435456 0.0101222
536870912 0.0152675
1073741824 0.0161090
2147483648 0.0120515
4294967296 0.0137496
8589934592 -0.0013092
17179869184 -0.0018788
34359738368 -0.0003786
68719476736 -0.0013383
137438953472 -0.0018982
274877906944 0.0001422
549755813888 -0.0000554
1099511627776 0.0
