0.1 1.44614700
0.3 -.67445910
0.5 -1.09047990
0.7 -1.16391910
0.8 -1.16582750
0.9 -1.15787380
1.0 -1.14442580
1.1 -1.12826770
1.2 -1.11127600
1.3 -1.09450950
1.4 -1.07844830
1.5 -1.06322300
1.6 -1.04891330
1.7 -1.03559510
1.8 -1.02340080
1.9 -1.01236140
2.0 -1.00241280
2.2 -.98528700
2.5 -.96550140
2.7 -.95573510
2.9 -.94794560
3.1 -.94182580
3.2 -.93932080
3.5 -.90891690
4.0 -.91503980
4.5 -.91809680
5.0 -.91962290
5.5 -.92191000
6.0 -.92151660
6.5 -.92131850
7.0 -.92120830
7.5 -.92117580
8.0 -.92114060
