0.1 2.36728760
0.3 0.24668150
0.5 -0.16933930
0.7 -0.24277850
0.8 -0.24468690
0.9 -0.23673320
1.0 -0.22328520
1.1 -0.20712710
1.2 -0.19013540
1.3 -0.17336890
1.4 -0.15730770
1.5 -0.14208240
1.6 -0.12777270
1.7 -0.11445450
1.8 -0.10226020
1.9 -0.09122080
2.0 -0.08127220
2.2 -0.06414640
2.5 -0.04436080
2.7 -0.03459450
2.9 -0.02680500
3.1 -0.02068520
3.2 -0.01818020
3.5 0.01222370
4.0 0.00610080
4.5 0.00304380
5.0 0.00151770
5.5 -0.00076940
6.0 -0.00037600
6.5 -0.00017790
7.0 -0.00006770
7.5 -0.00003520
8.0 0.0
