.5 -.57880150
.6 -.57875620
.7 -.57877380
.8 -.57878270
.9 -.57879860
1.0 -.57578290
1.1 -.57880160
1.2 -.57879190
1.3 -.57877990
1.4 -.57877750
1.5 -.57879650
1.6 -.57880390
1.7 -.57880020
1.8 -.57878780
1.9 -.57877020
2.0 -.57875710
2.1 -.57876590
2.2 -.57879550
2.3 -.57879800
2.5 -.57876370
2.7 -.57879040
2.9 -.57811060
3.1 -.57876770
3.3 -.56373880
3.6 -.53218780
4.0 -.51101150
4.5 -.49965070
5.0 -.49371740
5.5 -.49179740
6.0 -.49052980
6.5 -.48989290
7.0 -.48951530
7.5 -.48935800
8.0 -.48932590
