.1 2.34078460
.15 1.52523720
.2 .87435610
.25 .42579760
.3 .12887170
.35 -.07055560
.4 -.20841160
.45 -.30627210
.5 -.37726450
.6 -.46894330
.7 -.52114910
.8 -.55115020
.9 -.56769400
1.0 -.57578810
1.1 -.57861290
1.2 -.57825080
1.3 -.57599770
1.4 -.57259520
1.5 -.56846020
1.6 -.56387550
1.7 -.55909470
1.8 -.55432880
1.9 -.54970910
2.0 -.54528440
2.1 -.54105500
2.2 -.53702120
2.3 -.53319880
2.5 -.52629340
2.7 -.52035860
2.9 -.51520800
3.1 -.51079040
3.3 -.50705890
3.6 -.45732240
4.0 -.46566700
4.5 -.47241990
5.0 -.47664110
5.5 -.48901860
6.0 -.48772870
6.5 -.48684600
7.0 -.48622160
7.5 -.48580800
8.0 -.48550200
