0.1 2.79041270
0.3 0.60354040
0.5 0.10399940
0.7 -0.03883660
0.8 -0.06781900
0.9 -0.08351290
1.0 -0.09122050
1.1 -0.09399070
1.2 -0.09360960
1.3 -0.09122230
1.4 -0.08762560
1.5 -0.08335370
1.6 -0.07873020
1.7 -0.07395380
1.8 -0.06917190
1.9 -0.06450080
2.0 -0.06001170
2.2 -0.05167300
2.5 -0.04093170
2.7 -0.03492220
2.9 -0.02971800
3.1 -0.02513550
3.2 -0.02347990
3.5 0.03108570
4.0 0.01976630
4.5 0.01309470
5.0 0.01010160
5.5 -0.00351500
6.0 -0.00228910
6.5 -0.00140310
7.0 -0.00078780
7.5 -0.00035840
8.0 0E-8
